0.082331
0.724967
0.228028
0.367172
0.268041
0.841702
0.199061
0.295988
0.097364
0.350477
0.202201
1.005604
0.153630
0.727935
0.296571
0.274177
0.788437
0.331996
0.376165
0.699912
0.325034
0.658003
0.585101
0.592065
0.880338
0.164174
0.255562
0.896276
1.056019
0.517553
0.570845
0.788737
0.270115
0.165779
0.535549
0.293083
0.369275
0.318473
0.276565
0.952208
0.445734
0.044756
0.515300
0.340230
0.205886
0.184765
0.608272
0.392844
0.288550
0.422512
0.520821
0.159615
0.299614
0.260758
0.543977
0.212187
0.642503
0.409661
0.299915
0.419699
0.805242
0.110626
0.238109
0.056010
0.796419
0.296204
0.446153
0.222296
0.414205
0.357739
0.525349
0.749480
0.854350
0.707211
0.143770
1.214122
0.317620
0.213047
0.517126
0.348194
0.189809
0.409432
0.836450
0.686417
0.537469
0.119929
0.693599
0.495220
0.471765
0.335791
0.168654
0.459918
0.181513
0.207820
0.131351
0.098852
0.811532
0.673910
0.219610
0.063055
0.390587
0.287432
1.210813
0.605078
0.190555
0.487992
0.158427
0.847830
0.293542
0.235629
0.336980
0.867514
0.429623
0.045325
0.280179
0.312660
1.136557
0.184025
0.451672
0.561828
0.627211
0.110468
0.227585
0.456252
0.450384
0.966314
0.631343
0.210037
0.347851
0.779983
0.660421
0.498948
0.431610
0.578315
0.279751
0.582384
0.228578
0.304735
0.317825
0.240169
0.680107
0.117015
0.461059
0.022705
0.284891
0.199198
0.669903
0.230734
0.321026
0.464789
0.631667
0.708500
0.131314
0.293113
0.214967
0.367492
0.464909
0.378551
0.294194
0.200256
0.338474
0.216275
0.204682
0.603025
0.145551
0.225148
0.355926
0.369470
0.408840
0.270939
0.592232
0.721785
0.888037
0.673999
0.415338
0.438212
0.230679
0.392741
0.365258
0.628736
0.212014
0.387064
0.206657
0.709584
0.250831
0.303630
0.682152
0.563894
0.186105
1.048008
0.288988
0.560636
0.393336
0.544003
0.982370
0.250909
0.537717
0.299491
0.640753
0.261956
0.340357
0.391848
0.868840
0.386734
0.194143
0.567077
0.307649
0.229948
0.273978
0.257647
0.438145
0.596439
0.234578
0.339697
0.670130
0.424147
0.410667
0.552166
0.704200
0.201538
0.158096
0.721176
0.673837
0.622295
0.175705
0.640075
0.411409
0.531342
0.126271
0.283571
0.202386
0.776077
0.428041
0.313226
0.367507
0.185382
0.329941
0.540944
0.371399
0.641596
0.339761
0.464527
0.129076
0.272637
0.246461
0.496380
0.204124
0.118883
0.182717
0.653569
0.623868
0.492638
0.671320
0.281939
0.289800
0.492384
0.988974
0.587995
0.580421
0.494601
0.280038
0.392599
0.781319
0.965523
0.122333
0.607454
0.142373
0.839166
0.489449
0.334214
0.221098
0.248791
0.543893
0.775709
0.343952
1.056652
0.570634
0.865026
0.191323
0.397439
0.842717
0.076486
0.694454
0.268058
0.196640
0.174856
0.688185
0.596421
0.529116
0.510729
0.265530
0.252203
0.269839
0.233192
0.122496
0.336363
0.117231
0.753774
0.350361
0.248573
0.858599
0.541651
0.528091
0.746653
0.920730
0.292446
0.536079
0.274195
0.353602
0.979405
0.305814
0.625549
0.158091
0.393100
0.328309
0.537161
1.192660
0.556533
0.651017
0.291836
0.108657
0.515668
0.317554
0.745049
0.296457
0.330126
0.820719
0.534634
1.433322
0.301922
0.271090
0.736605
0.154372
0.152945
0.502085
0.332876
0.314145
0.844188
0.543597
0.360452
0.176110
0.108799
0.345118
0.983373
0.252236
0.460962
0.487235
0.304019
0.532043
0.321014
0.694287
1.548611
0.323473
0.530039
0.125899
0.292366
0.083518
0.494990
0.223310
0.565889
0.526022
0.561439
0.631413
0.343308
0.134811
0.483577
0.168618
0.882876
0.673270
0.133891
0.329328
0.366061
0.458131
0.205473
1.169954
0.506976
0.387761
0.219973
0.316552
0.673294
0.449360
0.229143
0.254820
0.364854
0.691123
0.345290
0.315723
0.257318
0.195613
0.509371
0.381917
0.383104
0.373596
0.470558
0.571597
0.495832
0.154736
0.838870
0.428612
0.761627
0.352988
0.228794
0.369845
0.206335
0.674735
0.254629
0.848866
0.651400
0.119488
0.606286
0.416234
0.128835
0.789035
0.164053
0.405115
0.428108
0.527623
0.272604
0.571006
0.165381
0.519431
0.470998
0.305570
0.212554
0.629002
0.238795
0.369129
0.262399
0.365385
0.301877
0.354982
0.603377
0.341780
0.314373
0.779722
0.593927
0.572766
0.593934
0.299191
0.270595
0.151217
0.255786
0.360058
0.423702
0.279151
0.421918
0.155133
0.243962
1.127102
0.849794
0.299918
0.345196
0.638161
0.317270
0.244473
0.609847
0.137187
0.401873
0.794556
0.452517
0.516593
0.216328
0.791209
0.202106
0.396625
0.422723
0.172150
0.457601
0.531221
0.287538
0.591732
0.269344
1.012776
0.717278
0.148586
0.194652
0.341114
0.954144
0.093531
0.622222
0.452999
0.375461
0.193631
0.199463
0.236781
0.239850
0.300070
0.441154
0.768877
0.243089
0.761177
0.516745
0.187669
0.403656
0.922607
0.591033
0.132115
0.441345
0.147317
0.222147
