0.453898
0.173433
0.921672
1.008760
0.075626
1.657415
0.034933
0.264285
1.509435
0.203716
2.750302
0.575301
0.155134
0.819679
2.161227
0.547181
0.321695
0.360630
0.483945
1.494795
0.387268
0.056026
0.752169
0.659097
0.214260
0.686320
0.461468
1.347022
0.111759
0.967723
1.171579
0.653742
0.079465
1.641832
0.134629
0.092694
0.231352
0.347426
0.057466
0.190958
0.863871
0.046867
0.427161
0.067218
0.697287
0.676474
0.550990
0.664769
1.166093
0.831241
0.023488
0.174768
1.678813
1.830017
0.876103
0.071614
0.417515
0.123971
0.295605
0.489806
0.342234
1.238209
0.169470
0.352907
1.393016
1.355987
2.327953
0.022340
0.078905
0.047030
0.051912
0.698329
0.053250
0.385695
1.023588
0.966204
1.157445
0.001287
0.662781
0.749362
0.058057
0.185370
0.639139
0.158120
0.336520
0.068225
2.597709
0.404762
0.765093
1.752954
0.736778
0.618169
0.023668
0.487042
0.289956
0.601683
1.224038
0.030074
0.392234
0.986297
0.028847
1.231088
0.698619
1.933515
1.462322
1.769634
0.299639
0.451105
0.076402
3.597083
2.692262
0.419120
0.077810
0.507462
2.146114
0.926680
0.324402
0.186529
0.998807
2.320054
0.085336
0.500707
1.058603
0.157331
0.035208
0.126646
0.160272
0.260006
0.961331
0.464177
1.112394
1.230112
0.843916
0.054825
0.970772
0.365377
0.722251
0.157467
0.539114
0.511867
0.034086
0.215350
1.546452
0.563978
0.435495
0.035483
1.140889
3.177981
0.590236
0.524157
0.996076
1.183136
0.800236
0.623837
0.011603
0.946005
0.540693
1.039011
0.202674
0.563642
0.015847
0.156272
0.161856
0.056663
1.279349
1.041443
1.299766
0.032260
0.588494
1.918647
0.595585
0.358071
0.275064
0.004680
2.426989
0.249790
0.330574
0.365123
0.926281
0.428709
1.200012
0.799702
0.062873
1.551792
1.418601
1.284991
0.601126
1.362272
0.965193
1.069821
0.267004
0.015157
0.928437
0.219635
0.884175
0.695034
0.345833
0.340933
0.922147
0.780073
0.489460
1.218855
0.651839
1.805576
1.015051
2.454223
0.218984
1.192565
0.946333
0.113648
0.194012
1.429969
0.092173
1.943381
0.224275
1.530299
1.391179
2.669023
0.544140
0.487516
0.071205
0.153430
0.733544
0.197740
0.607987
1.086088
0.219309
1.348893
0.395487
1.800949
0.705024
1.321200
2.092740
0.635893
0.821811
0.137002
0.316346
0.378068
0.184100
4.228479
0.069449
1.671081
0.956158
0.214878
0.735922
0.056758
0.190105
0.225440
0.483687
1.003766
1.776155
1.572570
0.128627
0.569956
1.574346
0.495716
1.923140
1.494972
0.923496
0.398071
0.154051
1.878531
0.136527
2.025776
0.055885
0.005492
1.087486
0.529947
0.222874
0.102867
0.888472
0.546666
0.744648
0.270784
0.553351
2.106755
0.846763
0.372171
0.264159
0.258252
0.212057
2.121049
0.718247
0.558811
0.812912
1.715644
0.086418
1.459289
1.284991
0.889002
1.401030
0.265169
0.061921
0.461468
0.365377
0.078637
0.861464
1.442998
1.021946
0.683136
1.135953
0.448935
2.779588
1.565902
0.211324
0.044033
1.409134
0.526476
0.978707
1.020853
0.190816
0.010961
0.253666
0.327671
0.503393
0.198747
0.530633
1.442998
1.081219
0.165062
2.407701
0.466854
0.294550
0.937855
0.732510
0.129933
0.985257
0.211646
0.252331
3.645645
0.358071
0.340511
0.371108
0.223858
0.857616
0.258095
0.404801
1.330405
1.258991
1.382067
0.395184
0.506620
0.119705
0.179180
0.390424
1.371877
0.213584
0.043940
0.962420
0.569956
1.016045
0.111326
0.786731
0.369863
0.961247
0.163580
0.610134
0.102163
0.048311
0.078613
4.220408
0.199871
0.321012
0.017677
0.895769
1.933189
2.064333
1.171804
0.304563
0.376626
0.457570
0.079562
0.516569
0.567539
0.690664
0.524520
0.061565
0.232378
0.532193
0.300867
0.531092
0.679967
0.284384
0.076499
1.994865
0.962504
0.568940
0.535322
0.972045
0.030642
0.665266
0.103699
0.631605
0.503393
0.205749
0.031325
0.495280
0.344102
0.156327
0.163745
1.249401
0.532836
0.942082
0.878783
2.219225
0.267194
0.633561
0.243019
0.363561
0.561103
1.334347
0.928117
0.188059
0.204471
0.135182
0.231232
0.406108
1.062451
0.122158
1.070114
0.130299
0.066620
0.022093
0.687403
0.509995
0.855591
0.572672
0.165969
0.844626
0.052264
0.299407
0.066237
0.309993
3.725303
0.428312
0.342339
1.318986
1.024594
0.392611
0.827135
0.109164
0.632714
0.780853
0.094210
0.330920
0.136949
0.342480
0.747932
0.444129
1.239321
1.409761
0.265675
0.013023
0.001593
0.371364
0.659591
1.441848
1.055061
0.779619
0.605540
0.344737
2.937910
0.803116
1.255443
0.047309
0.748927
0.339809
0.094185
0.398909
0.353837
1.601523
0.756807
0.959742
0.334741
0.291331
0.927878
0.670430
0.733362
0.427359
2.793605
3.649243
0.193812
1.424983
1.048693
0.705902
0.029551
0.162813
1.812710
0.381221
0.879530
1.600908
0.454886
1.196279
0.726518
1.604608
0.608651
1.011359
0.313399
0.134655
0.174406
