1.156840
1.194947
0.632633
1.406709
1.012836
0.867152
0.831027
0.957105
1.279533
1.044500
0.964858
1.361922
1.229784
0.912747
1.012089
0.590259
0.506576
1.066785
0.922604
0.983910
0.904786
1.147769
0.896884
1.017576
0.708960
0.591042
1.027946
0.633397
0.825571
1.158849
1.010237
1.065724
0.759774
1.161560
1.449830
1.068299
1.108564
0.645287
1.170321
1.131362
0.625486
0.877652
0.637936
1.344862
1.015657
1.004483
0.626420
1.191209
0.956878
1.165258
1.005745
1.277225
0.959413
0.974190
0.860920
0.994548
0.952304
0.791426
0.882266
1.100112
0.904169
1.068442
0.842681
0.953038
1.135382
0.947966
1.455623
1.340748
0.668270
1.077695
0.925459
0.802780
0.796196
1.064039
1.205754
0.796990
1.045718
0.998332
1.591270
0.952119
1.204225
0.505664
0.876094
0.887416
1.288851
0.794282
0.927733
1.022334
0.776339
0.356800
0.892409
1.135405
0.596577
0.938382
1.164310
1.069382
1.000932
1.076032
1.045581
0.677800
0.966150
0.895766
0.616720
0.980055
1.102831
0.740304
0.846842
1.060193
1.035242
1.078460
0.738258
0.934974
0.964720
1.303688
0.624374
0.951770
0.728297
0.970268
1.165328
0.828921
1.221165
0.938047
0.829762
0.929131
0.806164
1.022958
1.134015
0.947420
1.173296
0.999489
1.174160
1.101722
1.384589
0.566978
1.020827
0.693396
1.037182
0.834412
0.792535
0.787469
1.255215
1.123884
0.852784
0.932187
0.802227
0.910240
1.052627
1.069378
1.067460
1.213768
1.154902
1.201464
0.730786
0.423450
1.216045
0.884834
0.930836
1.018136
1.060570
1.310382
1.182728
0.879242
0.947803
1.501976
1.256394
0.994700
1.214929
0.962276
0.764442
1.090697
1.403269
1.266833
0.970059
0.827757
0.680085
1.262967
1.095537
1.169523
0.855304
1.152174
0.764756
1.133337
1.161791
0.987300
0.823385
0.889034
0.804576
0.945968
1.199120
0.725366
0.750307
0.997870
0.903037
0.748148
1.010024
0.819521
0.814888
1.152362
0.611222
0.789743
1.171013
0.679606
1.215454
1.058248
1.331139
1.083755
0.972493
1.019944
0.760070
1.069590
1.048104
1.141696
0.519905
1.304588
0.568285
0.773714
0.757546
1.329168
1.083953
1.041155
1.127795
1.072501
1.266099
0.863104
1.122970
0.462934
0.997709
0.952633
1.254815
0.841097
1.095776
0.936533
1.102329
0.920586
0.914513
0.896634
0.721186
1.006721
1.507615
0.790137
1.236906
1.065174
1.190700
1.109660
1.063743
0.639357
1.045718
0.878642
0.766670
0.902068
1.011532
0.901792
1.276206
1.204669
0.896309
0.835105
1.081470
1.191246
0.962207
1.108456
1.362111
1.354617
1.153986
1.279287
1.235240
1.101451
0.774005
1.005435
1.209679
0.633873
0.922746
1.237967
1.330763
1.280657
0.758528
0.647218
0.992436
1.115869
1.203243
0.976500
0.800087
0.783911
1.128214
1.140871
0.990079
0.952971
0.893909
1.293239
0.990663
0.965965
1.268796
1.360736
1.034639
0.897170
1.135250
1.283262
0.958793
1.140329
1.191443
0.788643
0.990989
1.158947
1.413387
0.966708
1.342712
0.913733
1.088351
1.013447
1.069047
1.530120
1.183515
1.087546
0.922896
1.010227
1.081992
0.998792
0.829324
1.163805
1.236085
1.051080
0.918464
0.942849
1.102246
1.183878
1.356684
1.335029
0.716861
0.990039
0.572077
1.237112
1.104688
0.624712
1.047767
0.610200
0.928194
0.814776
0.814605
0.902995
1.513893
0.871957
0.862684
0.838779
0.920006
1.214690
1.063489
0.937328
0.774625
1.125384
1.032319
0.833965
1.111959
0.887347
0.804374
1.246068
1.025187
0.888057
0.890359
1.060690
1.253597
1.110113
0.507623
0.968728
1.142770
1.157875
1.205498
0.939690
0.662314
1.227601
1.263280
0.927365
1.024734
1.335475
1.372067
1.077208
0.969452
1.058023
1.428417
1.121614
0.753766
0.789531
1.073670
1.255941
0.918741
0.818039
0.690914
1.339401
1.159611
1.046782
1.062825
1.116609
1.079259
1.046330
0.935895
1.003636
1.219498
1.229796
0.847296
1.290326
0.903737
1.130825
0.559328
1.076634
1.016097
1.323836
0.983358
0.612691
0.848702
1.045436
1.167925
1.207907
0.759056
1.304341
1.113728
1.318011
1.039151
0.858863
1.189194
1.506803
1.089435
0.752153
1.055822
0.864065
1.272588
0.966588
1.020671
0.751583
0.657573
0.941562
1.138770
0.777434
1.029080
0.966868
0.833177
0.864775
0.904091
0.783478
0.941014
0.836079
1.222398
1.220308
1.039086
0.841956
1.090403
0.918369
0.679902
1.015240
1.104496
1.148983
0.977978
0.937941
1.005110
0.809655
1.160929
0.709190
1.179031
0.995227
0.858444
1.207696
1.241849
1.319012
0.921888
1.100608
0.918118
0.758918
1.078333
0.699117
0.707221
0.954425
1.020350
0.732871
0.771047
1.096816
1.173131
1.191780
1.007840
1.195775
0.924958
0.828965
0.995397
0.654721
1.222315
1.173439
1.114043
1.080943
1.313482
1.052006
0.840873
0.893894
1.271074
0.985860
0.838434
1.101036
0.663584
0.781937
0.893522
0.717689
1.150175
1.489965
1.112822
0.788427
