0.490240
0.339281
0.533280
0.340705
0.430837
0.468587
0.290211
0.593564
0.359910
0.355547
0.160468
0.263903
0.428759
0.603506
0.270190
0.568265
0.184310
0.282913
0.084289
0.351785
0.093223
0.096045
0.374303
0.376769
0.882972
0.256861
0.258201
0.569126
0.216375
0.473398
0.297383
0.963757
0.240175
0.216799
0.452056
0.509864
0.546446
0.274972
0.451904
0.211460
0.437282
0.379145
0.649200
0.193021
0.462821
0.336245
0.611793
0.353960
0.622077
0.549049
0.975237
0.398406
0.301660
0.311749
0.795846
0.108808
0.818201
0.572042
0.398944
0.728822
0.198711
0.130324
0.342129
0.188184
0.147307
0.190862
0.227492
0.315686
0.554926
0.186342
0.298889
0.451451
0.291531
0.519707
0.132222
0.219882
0.177655
0.938247
0.621511
0.482113
0.065364
0.782128
0.212862
0.843903
1.138007
0.317650
0.489016
0.456270
0.641031
0.212440
0.565213
0.524508
0.135266
0.124485
0.271613
0.094643
0.261705
0.650308
0.802116
0.115071
0.103062
0.340897
0.256636
0.408437
1.136180
0.356626
0.502830
0.199635
0.711773
0.681179
0.649665
0.217794
0.368020
0.431526
0.529809
0.653985
0.445943
0.666886
0.055867
0.206863
0.098626
0.170361
0.903651
0.579782
0.151854
0.428852
0.288314
0.409806
0.775211
0.545663
0.174719
0.190395
0.144909
0.104265
0.240722
0.271011
0.288024
0.407568
0.144331
0.305466
0.422867
0.271013
0.652948
0.621829
0.183082
0.264147
0.262629
0.448990
0.531937
0.855889
0.249338
0.209195
0.876175
0.747619
0.253546
0.655665
0.271030
0.426019
0.949202
0.147300
0.366674
0.222424
0.468660
0.535967
0.462846
0.409391
0.254695
0.370761
0.256329
0.394514
0.308033
0.190362
0.109084
1.130169
0.153427
0.161016
0.257454
0.606047
0.076765
0.110559
0.505144
0.488285
0.300285
0.965208
0.380045
0.373739
0.398223
0.133935
0.216822
0.502723
0.296678
0.089559
0.348032
0.369248
0.502098
0.373206
0.250468
0.283586
0.570572
0.700998
0.063112
0.488851
0.477093
0.717693
0.224993
0.482911
0.323513
0.620838
0.181526
0.397038
0.237557
0.489122
0.301937
0.480120
0.864962
0.480876
0.655531
0.240942
0.236040
0.796370
0.332863
0.286793
0.083079
0.626521
0.230973
0.358002
0.145047
0.108758
0.134722
0.436936
1.265515
0.242948
0.170645
0.491498
0.247925
0.238923
0.473425
0.353033
1.033780
0.791134
0.187955
0.522194
0.423442
0.271155
0.683249
0.622800
0.109502
0.092548
0.370145
0.306526
0.365147
0.156176
0.164172
0.397728
0.449292
0.388718
0.496804
0.680792
0.171003
0.293413
0.682116
0.077651
0.236345
0.436688
0.569437
0.479284
1.631435
0.211870
0.648859
1.362230
0.835823
0.583406
0.449269
0.115128
0.250666
0.630651
0.160067
0.288073
0.276393
0.072010
0.885829
1.518791
0.206596
0.205071
0.476107
0.271943
0.406552
0.231249
0.360875
0.368810
0.490554
0.602749
0.224764
0.379950
0.681417
0.332012
0.399001
0.567685
0.151848
0.149115
0.087972
0.767318
0.275057
0.326762
0.382684
1.150927
0.273261
0.618280
0.756512
0.260013
0.387609
0.399222
0.728176
0.355440
0.395859
0.138970
0.282165
0.580191
0.571547
0.662909
0.358165
0.624700
0.181600
0.743925
0.283524
0.608480
0.522402
0.111950
0.733829
0.539440
0.263868
0.134089
0.333211
0.590183
0.679898
0.416220
0.901803
0.239297
0.346871
0.330961
0.657379
1.309055
0.145833
0.795254
0.409120
0.392491
0.358225
0.399629
0.408883
0.222410
0.089682
0.134742
0.069614
0.496210
0.471247
0.432522
0.743937
0.159591
0.378631
0.053155
0.104412
0.238984
0.769827
0.652714
0.216361
0.646152
0.963522
0.510309
0.384873
0.324860
0.554242
0.633481
0.364622
0.156629
0.141052
0.103599
0.287342
0.175596
0.144709
0.355631
0.481933
0.431444
0.355905
0.380565
0.179214
0.507757
0.347724
0.308854
0.548625
0.125992
0.288559
0.358417
0.979122
0.267031
0.410976
0.843384
0.125335
0.347222
0.744481
0.086681
0.946860
0.231213
0.209416
0.238530
0.226699
0.331727
0.268856
0.839067
0.136470
0.114223
0.208017
0.164346
0.153213
0.113047
0.436091
0.249072
0.475233
0.217935
0.270112
0.293920
0.118477
0.507622
1.212170
1.132959
0.504338
0.378522
0.408609
0.304104
0.184393
0.518916
0.454006
0.395730
0.572647
0.297247
0.151307
0.367090
0.935592
0.563691
0.494337
0.397544
0.472251
0.070263
0.385907
0.419821
0.535891
0.335557
0.223485
0.381250
1.168058
0.503768
0.880941
0.372089
0.758642
0.211671
0.469670
0.216183
0.252902
0.249441
0.607681
0.245882
0.400312
0.160708
0.217864
0.483252
0.389509
0.413207
0.157398
0.372436
0.318020
0.489000
0.227127
0.196975
0.827085
0.491158
0.680067
0.218910
0.117714
0.590648
0.552940
0.211826
0.242298
0.510542
0.243369
0.527248
0.090579
0.240737
0.064546
0.282327
0.376777
0.165142
0.405437
0.226021
0.625438
0.682352
0.555735
0.372052
0.439204
0.349628
0.159987
0.708566
