0.732753
0.930038
0.480092
0.385882
0.797635
0.218066
0.496021
0.020611
0.392083
0.889759
0.898831
0.908953
0.215438
0.836565
0.695495
0.552170
0.015625
0.220555
1.107034
2.181735
0.237010
0.216943
0.637168
1.116857
0.138614
1.903456
1.211805
0.596388
0.024593
0.124412
0.775540
0.669817
0.697865
1.483748
0.125580
1.605020
0.234887
1.076973
0.619517
3.389085
0.853644
0.075311
1.169447
0.014600
0.786666
0.490239
0.213613
0.029188
0.573256
1.058987
0.322174
1.029183
1.012078
0.603304
0.078783
0.005822
0.006240
0.818650
0.874396
1.123131
0.830892
0.119215
2.237984
0.463301
0.021756
1.227190
0.176273
1.428840
0.434893
0.418062
0.753544
0.766558
1.207655
0.069377
0.806614
0.149173
1.276219
2.086240
0.175520
1.209905
0.533204
0.112320
0.992656
1.732944
1.594987
1.495856
0.833198
1.235746
0.709777
0.283151
0.104329
0.948386
0.141000
0.802646
0.563306
1.266012
1.494972
1.043789
0.259473
0.750359
0.474522
0.750484
1.097345
0.054096
1.607706
0.632345
1.554476
1.163865
0.221922
0.997837
0.669149
1.128190
0.380701
0.183254
0.796504
0.474056
0.806479
0.448118
0.960076
0.248894
0.083447
1.674709
0.197338
0.194642
0.180891
1.257975
0.324849
0.082982
0.063968
0.160081
0.175631
0.078150
0.044172
0.611724
0.869298
0.266466
2.268123
1.030197
0.114440
2.701773
1.573359
0.378809
0.153294
1.913548
0.634355
0.107413
0.002861
0.076790
0.500751
0.369022
0.264475
0.514953
0.397614
0.941185
0.268939
0.812640
2.041558
0.494321
0.005844
1.114362
0.474522
1.536080
1.754477
0.670597
0.232378
0.136949
1.115089
0.467064
1.965237
0.060615
0.286692
0.307910
0.017566
0.158963
0.356776
0.175771
0.290054
0.245628
1.081516
1.735415
0.137979
0.548731
0.082028
0.660689
0.443723
0.379884
1.151192
2.398248
1.422264
0.314312
0.914421
0.336729
1.187835
1.418125
0.502115
0.060639
0.735190
0.146331
0.060188
0.901059
0.780528
0.236737
0.440001
0.072000
0.367379
0.136817
0.239139
0.802579
1.293073
0.326775
0.150302
0.647347
1.638151
0.484117
0.497638
0.901829
0.005053
1.252793
0.260194
0.546057
1.804484
1.337743
0.378735
0.369607
0.864017
0.447343
0.212908
2.449499
0.048335
0.096601
0.224395
0.151325
1.552749
0.351373
0.903604
1.792588
0.124489
0.137477
0.654341
0.311812
0.150975
0.292611
0.618376
0.325777
0.242376
0.816458
0.511064
0.028688
1.006080
0.106780
0.633825
0.315667
0.430220
0.159508
0.724892
0.416459
0.875063
0.255254
0.649021
0.200996
1.417015
0.252983
0.875286
0.077543
0.205051
0.871215
0.417202
0.039802
1.313618
1.233658
0.930680
0.294452
0.360594
0.423405
0.427915
2.417280
0.320363
0.248246
1.202590
1.102530
0.264853
1.124708
0.595585
1.948700
0.165721
0.399519
0.685580
0.066022
0.232196
0.212879
0.077397
0.393367
1.009745
1.087386
0.361497
0.823535
0.264475
1.207773
0.097925
0.224066
0.358719
0.520172
0.895998
0.966879
0.319305
0.187521
0.443399
0.792393
0.564218
0.256189
0.978106
0.164266
0.140098
0.516748
0.264885
0.254071
0.292939
0.279080
0.180526
2.594406
1.065739
0.507063
0.512001
0.558526
1.499404
0.413731
0.003124
0.157712
0.535000
0.633243
0.396019
1.414326
0.139117
0.418102
0.215792
0.887037
1.613316
0.493624
0.400702
0.239170
0.800838
0.437221
0.250564
0.611364
1.064190
0.267036
0.036468
0.010718
0.364142
0.438348
3.047129
1.016045
0.446569
0.501719
0.900829
0.136421
1.019035
1.766784
1.339021
1.992733
0.224902
0.132422
0.109138
0.773992
2.132608
0.592730
0.919378
0.392913
0.910511
0.301598
0.277825
0.112856
2.951362
0.251958
0.084354
0.164046
0.389032
0.456536
0.133393
0.138561
0.319919
0.149468
0.067937
0.105263
0.522614
2.804577
1.039759
0.389521
0.303096
0.719798
1.635133
0.187691
1.193840
3.191156
0.195616
0.020947
1.518145
0.700418
0.089895
0.064112
0.441051
0.109037
0.223172
0.094185
0.091628
0.103875
0.488423
0.410045
0.297751
0.595485
0.170991
0.376737
0.641597
0.749674
0.341038
1.273232
0.011249
2.143042
1.442340
1.769375
2.911742
1.162865
1.120614
0.404417
0.289008
1.007508
1.302731
1.382217
0.562108
0.118495
0.086344
1.996647
0.744957
0.563834
0.572138
0.684215
0.103144
0.051139
0.373053
0.734031
0.792989
0.417436
1.484444
1.474069
1.468427
1.016859
0.308816
0.651513
2.005262
0.885604
0.341143
1.249527
0.396246
0.376220
1.197910
1.901892
1.791249
0.444251
0.172378
0.594281
1.828324
0.434252
0.027056
0.208370
0.906467
0.486740
0.672998
0.578969
0.471858
2.681944
0.442021
0.181959
0.424550
0.191756
0.007186
0.209714
0.344666
0.172960
0.124022
0.180218
0.143314
1.303406
1.232801
1.341868
1.284333
0.178452
1.691733
0.111071
0.589389
0.344384
1.145751
0.083962
0.366432
0.695091
1.461984
0.286236
0.013467
0.163252
0.030415
0.368364
