0.978529
0.857392
0.942011
1.038692
0.901585
1.031862
0.641840
0.985652
1.028058
1.049376
1.414182
1.007243
0.849836
1.449796
0.625581
1.200561
1.266622
1.403134
1.046190
0.537845
1.255972
1.144033
1.232963
0.829092
0.966797
1.018467
0.936632
0.864882
1.256879
1.107897
0.925818
1.126036
1.149066
1.153394
1.078474
1.385846
0.889471
1.244480
1.007492
0.931626
0.891691
1.322435
1.011303
0.723786
1.224967
0.995523
0.985350
1.166537
0.659260
1.177291
0.918528
1.079065
1.033760
0.933062
1.090963
0.666019
0.863997
0.528628
0.940119
1.182890
1.068263
0.890369
1.066567
0.713269
0.772084
1.151751
0.969729
0.616521
0.863662
1.198942
1.237841
0.618652
0.908839
1.008491
0.708103
0.962390
0.933537
1.072611
1.015929
0.738974
0.918527
1.144711
1.029285
0.689053
1.000552
1.134925
0.658439
0.981817
1.070028
1.045271
0.722512
1.220665
0.976355
0.974851
1.057724
1.199535
1.090527
1.177830
0.684858
1.305815
1.343072
1.188814
1.054361
0.990046
1.121009
1.002120
0.777985
0.996683
0.933628
1.194370
1.142498
1.087818
1.128256
0.828792
1.308521
1.047622
1.043525
1.096384
1.031714
1.171776
0.998189
1.141135
1.081777
0.992446
1.001059
0.745169
0.525028
0.927019
1.149074
1.010591
1.328780
1.057086
1.147268
1.104398
0.949232
1.309548
1.034948
1.075699
0.790149
1.192617
0.845496
0.866581
0.419772
0.957373
0.830984
1.109126
1.045631
0.882948
0.718776
0.908800
1.209213
0.982598
1.240212
1.042510
0.919405
0.851533
0.733924
0.619105
1.101796
0.673870
1.102297
1.053550
1.257594
0.849135
0.918387
1.014340
1.069318
0.904181
0.833499
1.109877
1.179151
1.118250
0.936394
1.101176
1.060009
1.324430
0.901161
0.672310
1.156481
0.869897
0.919755
0.892314
0.632283
0.716234
0.723617
1.237292
1.076715
1.095489
1.093614
0.849668
1.339319
1.120232
1.164872
0.935304
0.957569
1.300191
1.049890
1.073078
1.330953
0.728084
0.595116
1.147925
1.242385
0.936698
0.835087
0.968989
1.309470
0.777802
0.730097
0.845565
0.772193
1.170655
1.263235
0.900835
0.716286
0.875670
0.725398
0.867999
1.001364
1.098286
1.209366
0.605516
0.675515
0.982833
0.667622
0.968181
1.041187
1.415850
0.841196
0.824658
0.893523
1.338614
1.301181
1.013546
0.989761
1.049232
0.904746
0.962503
0.940429
0.870141
0.857242
1.057483
0.932728
1.036751
0.995246
0.749648
1.080679
1.290443
0.806458
1.388748
1.196480
0.901016
0.937729
1.218578
0.818869
0.522371
0.818031
1.159678
0.985937
1.261367
0.701114
1.225056
0.860992
1.013828
1.397031
1.295489
1.235401
0.701068
0.809436
1.104539
0.849705
0.552727
0.440540
1.327144
1.315869
1.111266
0.877681
1.122099
0.933997
0.776838
1.076830
0.986871
1.336682
0.885272
0.872476
0.866686
0.929735
1.213416
0.976471
1.245204
1.215451
0.982227
0.896625
1.144723
0.794683
0.899303
1.257050
1.044938
0.797879
1.062251
0.927124
0.792684
1.301122
0.950085
1.145297
0.833228
0.951335
1.011618
0.796659
1.150958
1.156162
0.874461
1.201327
0.883034
1.187079
1.077880
0.614344
0.715904
1.094792
1.034637
1.119359
0.954384
0.986389
1.128728
1.312060
1.213086
0.605980
1.015459
1.040525
1.137689
1.046756
1.206664
0.906184
0.743423
0.789674
1.067952
0.950012
1.064162
0.899975
1.032624
1.204065
1.031811
1.140585
1.067424
1.132716
0.824738
1.063719
1.176461
0.922580
1.058200
0.906812
1.187922
0.837953
1.079516
0.872722
1.103143
1.088983
0.917542
1.088307
0.871714
0.907352
1.053286
0.893353
1.097561
0.840081
0.579780
0.709000
0.992788
1.321656
1.035335
1.092414
0.939768
1.142587
1.019331
1.023338
0.560292
1.076429
0.877210
1.004980
1.472166
1.218323
0.763226
0.681914
0.626006
0.596456
1.359126
0.843863
0.770006
0.740187
0.786848
1.430867
0.816873
1.014254
1.172665
0.955561
1.042688
1.011575
1.115045
0.950661
1.152248
1.143898
0.776238
0.911318
0.912660
1.061949
0.994967
0.835528
0.982049
1.050822
1.308836
1.141435
1.369777
1.064154
1.058842
0.816437
0.811347
0.645786
0.975896
1.328604
1.250818
1.053943
1.108817
0.715722
1.182569
0.988505
1.101031
1.135217
0.837880
0.573715
0.951497
1.033295
1.048877
0.733332
1.116750
0.848533
1.508515
0.744805
1.131371
1.164764
1.296728
1.124723
0.816812
1.138600
1.074616
1.169869
1.078471
1.071768
1.282085
1.242477
1.002011
1.140399
0.860885
1.011975
1.294370
1.305417
1.050822
1.099882
0.954698
1.003349
0.719207
0.922597
1.006992
1.374976
1.153879
1.260875
1.073555
0.916184
1.078092
0.937666
1.138677
0.931893
0.873077
1.090193
0.988091
1.434952
1.147576
0.542563
0.813328
1.180042
1.525622
1.165748
1.219467
0.887174
1.156584
0.784186
0.866538
0.948452
0.757013
0.764134
0.835253
1.178418
1.149428
0.839899
1.291274
0.710067
0.961458
0.658704
0.923931
1.004577
1.359520
